0.000000 7.022999e-01
0.020000 7.022999e-01
0.040000 7.022999e-01
0.060000 7.022999e-01
0.080000 7.022999e-01
0.100000 7.022999e-01
0.120000 7.131028e-01
0.140000 7.455164e-01
0.160000 7.563217e-01
0.180000 7.044595e-01
0.200000 7.973785e-01
0.220000 7.973785e-01
0.240000 8.146675e-01
0.260000 8.146675e-01
0.280000 8.146675e-01
0.300000 8.146675e-01
0.320000 8.146675e-01
0.340000 8.146675e-01
0.360000 8.146675e-01
0.380000 7.995405e-01
0.400000 7.995405e-01
0.420000 7.995405e-01
0.440000 7.995405e-01
0.460000 7.844136e-01
0.480000 7.671270e-01
0.500000 7.671270e-01
0.520000 7.671270e-01
0.540000 7.541620e-01
0.560000 7.303918e-01
0.580000 7.260701e-01
0.600000 7.260701e-01
0.620000 7.260701e-01
0.640000 7.260701e-01
0.660000 7.260701e-01
0.680000 7.260701e-01
0.700000 7.260701e-01
0.720000 7.260701e-01
0.740000 6.439541e-01
0.760000 7.195864e-01
0.780000 6.137001e-01
0.800000 7.044595e-01
0.820000 7.044595e-01
0.840000 6.007352e-01
0.860000 6.007352e-01
0.880000 6.007352e-01
0.900000 6.007352e-01
0.920000 5.834486e-01
0.940000 5.834486e-01
0.960000 5.531947e-01
0.980000 5.531947e-01
1.000000 5.531947e-01
1.020000 5.531947e-01
1.040000 5.467134e-01
1.060000 5.467134e-01
1.080000 5.467134e-01
1.100000 5.467134e-01
1.120000 5.467134e-01
1.140000 5.467134e-01
1.160000 5.423918e-01
1.180000 5.294245e-01
1.200000 5.294245e-01
1.220000 5.142999e-01
1.240000 5.013325e-01
1.260000 5.013325e-01
1.280000 4.818840e-01
1.300000 4.818840e-01
1.320000 4.818840e-01
1.340000 4.818840e-01
1.360000 4.818840e-01
1.380000 4.732407e-01
1.400000 4.732407e-01
1.420000 4.667594e-01
1.440000 4.667594e-01
1.460000 4.667594e-01
1.480000 4.667594e-01
1.500000 4.581161e-01
1.520000 4.581161e-01
1.540000 4.581161e-01
1.560000 4.581161e-01
1.580000 4.581161e-01
1.600000 4.537921e-01
1.620000 4.537921e-01
1.640000 4.710810e-01
1.660000 4.710810e-01
1.680000 4.818840e-01
1.700000 4.818840e-01
1.720000 4.818840e-01
1.740000 4.883676e-01
1.760000 4.991729e-01
1.780000 4.991729e-01
1.800000 4.991729e-01
1.820000 4.991729e-01
1.840000 5.186215e-01
1.860000 5.294245e-01
1.880000 5.294245e-01
1.900000 5.294245e-01
1.920000 5.294245e-01
1.940000 5.294245e-01
1.960000 5.423918e-01
1.980000 5.423918e-01
2.000000 5.423918e-01
2.020000 5.423918e-01
2.040000 5.423918e-01
2.060000 5.423918e-01
2.080000 5.423918e-01
2.100000 5.423918e-01
2.120000 5.423918e-01
2.140000 5.510351e-01
2.160000 5.510351e-01
2.180000 5.510351e-01
2.200000 5.510351e-01
2.220000 5.510351e-01
2.240000 5.510351e-01
2.260000 5.467134e-01
2.280000 5.467134e-01
2.300000 5.467134e-01
2.320000 5.467134e-01
2.340000 5.467134e-01
2.360000 5.467134e-01
2.380000 5.445514e-01
2.400000 5.445514e-01
2.420000 5.445514e-01
2.440000 5.445514e-01
2.460000 5.445514e-01
2.480000 5.618380e-01
2.500000 5.618380e-01
2.520000 6.072188e-01
2.540000 6.072188e-01
2.560000 6.072188e-01
2.580000 5.856083e-01
2.600000 6.137001e-01
2.620000 6.137001e-01
2.640000 6.137001e-01
2.660000 6.137001e-01
2.680000 6.958162e-01
2.700000 6.093785e-01
2.720000 6.266675e-01
2.740000 6.266675e-01
2.760000 6.266675e-01
2.780000 6.266675e-01
2.800000 7.217461e-01
2.820000 7.390351e-01
2.840000 7.520000e-01
2.860000 7.520000e-01
2.880000 7.520000e-01
2.900000 7.822539e-01
2.920000 8.751729e-01
2.940000 8.038622e-01
2.960000 8.146663e-01
2.980000 9.140701e-01
3.000000 9.140701e-01
3.020000 9.140701e-01
3.040000 9.140701e-01
3.060000 9.140701e-01
3.080000 9.183918e-01
3.100000 9.270351e-01
3.120000 9.637702e-01
3.140000 9.659299e-01
3.160000 9.594486e-01
3.180000 9.745755e-01
3.200000 9.810569e-01
3.220000 9.810569e-01
3.240000 9.810569e-01
3.260000 9.400000e-01
3.280000 9.400000e-01
3.300000 9.068666e-01
3.320000 8.859759e-01
3.340000 8.708513e-01
3.360000 8.427594e-01
3.380000 8.427594e-01
3.400000 8.341161e-01
3.420000 8.341161e-01
3.440000 8.341161e-01
3.460000 8.341161e-01
3.480000 8.341161e-01
3.500000 8.319541e-01
3.520000 8.265514e-01
3.540000 8.103458e-01
3.560000 8.103458e-01
3.580000 8.103458e-01
3.600000 7.952189e-01
3.620000 7.952189e-01
3.640000 7.844136e-01
3.660000 7.844136e-01
3.680000 7.844136e-01
3.700000 7.649650e-01
3.720000 7.649650e-01
3.740000 7.541620e-01
3.760000 7.541620e-01
3.780000 7.131028e-01
3.800000 7.131028e-01
3.820000 7.131028e-01
3.840000 7.131028e-01
3.860000 7.195864e-01
3.880000 7.195864e-01
3.900000 7.174244e-01
3.920000 6.914946e-01
3.940000 6.914946e-01
3.960000 6.914946e-01
3.980000 6.850109e-01
4.000000 6.850109e-01
4.020000 6.850109e-01
4.040000 6.828513e-01
4.060000 6.828513e-01
4.080000 6.828513e-01
4.100000 6.828513e-01
4.120000 6.828513e-01
4.140000 6.828513e-01
4.160000 6.871729e-01
4.180000 6.936542e-01
4.200000 7.098622e-01
4.220000 7.098622e-01
4.240000 7.239081e-01
4.260000 7.347134e-01
4.280000 7.347134e-01
4.300000 7.347134e-01
4.320000 7.411947e-01
4.340000 7.411947e-01
4.360000 7.411947e-01
4.380000 7.498380e-01
4.400000 7.498380e-01
4.420000 7.498380e-01
4.440000 7.584837e-01
4.460000 7.628053e-01
4.480000 7.736082e-01
4.500000 7.736082e-01
4.520000 7.736082e-01
4.540000 7.757702e-01
4.560000 7.757702e-01
4.580000 7.757702e-01
4.600000 7.757702e-01
4.620000 7.757702e-01
4.640000 7.757702e-01
4.660000 7.822539e-01
4.680000 7.822539e-01
4.700000 7.822539e-01
4.720000 7.822539e-01
4.740000 7.822539e-01
4.760000 7.822539e-01
4.780000 7.844136e-01
4.800000 7.844136e-01
4.820000 7.930569e-01
4.840000 7.930569e-01
4.860000 7.930569e-01
4.880000 8.125054e-01
4.900000 8.125054e-01
4.920000 8.168271e-01
4.940000 8.168271e-01
4.960000 8.168271e-01
4.980000 8.189891e-01
5.000000 8.189891e-01
5.020000 8.600460e-01
5.040000 8.449190e-01
5.060000 8.449190e-01
5.080000 8.038622e-01
5.100000 7.973785e-01
5.120000 7.908972e-01
5.140000 7.908972e-01
5.160000 7.908972e-01
5.180000 7.692866e-01
5.200000 7.692866e-01
5.220000 7.282298e-01
5.240000 7.390351e-01
5.260000 7.131028e-01
5.280000 6.806893e-01
5.300000 6.806893e-01
5.320000 6.806893e-01
5.340000 6.698840e-01
5.360000 6.634026e-01
5.380000 6.634026e-01
5.400000 6.634026e-01
5.420000 6.547594e-01
5.440000 6.482757e-01
5.460000 6.417921e-01
5.480000 6.417921e-01
5.500000 6.353108e-01
5.520000 6.028972e-01
5.540000 6.028972e-01
5.560000 5.906521e-01
5.580000 5.748053e-01
5.600000 5.748053e-01
5.620000 5.726433e-01
5.640000 5.726433e-01
5.660000 5.726433e-01
5.680000 5.596783e-01
5.700000 5.510351e-01
5.720000 5.510351e-01
5.740000 5.510351e-01
5.760000 5.186215e-01
5.780000 5.186215e-01
5.800000 5.164595e-01
5.820000 4.948513e-01
5.840000 5.034945e-01
5.860000 4.883676e-01
5.880000 4.883676e-01
5.900000 4.689190e-01
5.920000 4.624377e-01
5.940000 4.624377e-01
5.960000 4.624377e-01
5.980000 4.624377e-01
6.000000 4.624377e-01
6.020000 4.624377e-01
6.040000 4.624377e-01
6.060000 4.386675e-01
6.080000 4.386675e-01
6.100000 4.343458e-01
6.120000 4.343458e-01
6.140000 4.343458e-01
6.160000 4.343458e-01
6.180000 4.386675e-01
6.200000 4.386675e-01
6.220000 4.386675e-01
6.240000 4.451488e-01
6.260000 4.451488e-01
6.280000 4.451488e-01
6.300000 4.537921e-01
6.320000 4.667594e-01
6.340000 4.754027e-01
6.360000 4.883676e-01
6.380000 4.948513e-01
6.400000 4.948513e-01
6.420000 4.991729e-01
6.440000 5.034945e-01
6.460000 5.034945e-01
6.480000 4.970109e-01
6.500000 4.926893e-01
6.520000 4.818840e-01
6.540000 4.754027e-01
6.560000 4.754027e-01
6.580000 4.689190e-01
6.600000 4.689190e-01
6.620000 4.624377e-01
6.640000 4.624377e-01
6.660000 4.624377e-01
6.680000 4.624377e-01
6.700000 4.581161e-01
6.720000 4.581161e-01
6.740000 4.451488e-01
6.760000 4.451488e-01
6.780000 4.408271e-01
6.800000 4.408271e-01
6.820000 4.148972e-01
6.840000 4.148972e-01
6.860000 4.148972e-01
6.880000 4.062539e-01
6.900000 4.127352e-01
6.920000 3.997702e-01
6.940000 3.997702e-01
6.960000 4.148972e-01
6.980000 4.105756e-01
7.000000 4.062539e-01
7.020000 4.062539e-01
7.040000 4.040919e-01
7.060000 4.019299e-01
7.080000 4.019299e-01
7.100000 4.019299e-01
7.120000 3.976083e-01
7.140000 3.976083e-01
7.160000 3.976083e-01
7.180000 4.105756e-01
7.200000 4.105756e-01
7.220000 4.192189e-01
7.240000 4.192189e-01
7.260000 4.278621e-01
7.280000 4.278621e-01
7.300000 4.278621e-01
7.320000 4.321838e-01
7.340000 4.321838e-01
7.360000 4.321838e-01
7.380000 4.321838e-01
7.400000 4.321838e-01
7.420000 4.386675e-01
7.440000 4.429891e-01
7.460000 4.429891e-01
7.480000 4.429891e-01
7.500000 4.537921e-01
7.520000 4.581161e-01
7.540000 4.581161e-01
7.560000 4.581161e-01
7.580000 4.581161e-01
7.600000 4.624377e-01
7.620000 4.689190e-01
7.640000 4.689190e-01
7.660000 4.689190e-01
7.680000 4.689190e-01
7.700000 4.732407e-01
7.720000 4.732407e-01
7.740000 4.732407e-01
7.760000 4.754027e-01
7.780000 4.754027e-01
7.800000 4.754027e-01
7.820000 4.754027e-01
7.840000 4.451488e-01
7.860000 4.321838e-01
7.880000 4.257002e-01
7.900000 4.257002e-01
7.920000 4.257002e-01
7.940000 4.257002e-01
7.960000 4.257002e-01
7.980000 4.257002e-01
8.000000 4.235405e-01
8.020000 4.235405e-01
8.040000 4.127352e-01
8.060000 3.500701e-01
8.080000 3.500701e-01
8.100000 3.500701e-01
8.120000 3.500701e-01
8.140000 3.500701e-01
8.160000 3.457461e-01
8.180000 3.457461e-01
8.200000 3.457461e-01
8.220000 2.895623e-01
8.240000 3.176542e-01
8.260000 3.392648e-01
8.280000 2.614704e-01
8.300000 2.614704e-01
8.320000 2.420242e-01
8.340000 2.420242e-01
8.360000 2.420242e-01
8.380000 2.420242e-01
8.400000 2.420242e-01
8.420000 2.420242e-01
8.440000 2.420242e-01
8.460000 2.420242e-01
8.480000 2.117700e-01
8.500000 1.728735e-01
8.520000 2.268965e-01
8.540000 1.620689e-01
8.560000 2.355405e-01
8.580000 2.355405e-01
8.600000 2.355405e-01
8.620000 1.577470e-01
8.640000 1.534254e-01
8.660000 1.426208e-01
8.680000 1.361379e-01
8.700000 1.210116e-01
8.720000 1.210116e-01
8.740000 1.210116e-01
8.760000 1.210116e-01
8.780000 1.210116e-01
8.800000 1.015632e-01
8.820000 1.015632e-01
8.840000 1.015632e-01
8.860000 1.015632e-01
8.880000 9.940242e-02
8.900000 9.940242e-02
8.920000 9.940242e-02
8.940000 9.940242e-02
8.960000 9.075865e-02
8.980000 9.075865e-02
9.000000 7.779299e-02
9.020000 7.779299e-02
9.040000 7.779299e-02
9.060000 7.779299e-02
9.080000 7.779299e-02
9.100000 7.779299e-02
9.120000 7.779299e-02
9.140000 8.643676e-02
9.160000 9.075865e-02
9.180000 9.291947e-02
9.200000 9.291947e-02
9.220000 9.291947e-02
9.240000 9.724136e-02
9.260000 9.724136e-02
9.280000 9.724136e-02
9.300000 9.940242e-02
9.320000 1.037241e-01
9.340000 1.037241e-01
9.360000 1.166897e-01
9.380000 1.231724e-01
9.400000 1.231724e-01
9.420000 1.274943e-01
9.440000 1.274943e-01
9.460000 1.296551e-01
9.480000 1.318162e-01
9.500000 1.318162e-01
9.520000 1.318162e-01
9.540000 1.382989e-01
9.560000 1.426208e-01
9.580000 1.426208e-01
9.600000 1.426208e-01
9.620000 1.469424e-01
9.640000 1.469424e-01
9.660000 1.469424e-01
9.680000 1.469424e-01
9.700000 1.534254e-01
9.720000 1.599081e-01
9.740000 1.599081e-01
9.760000 1.555862e-01
9.780000 1.555862e-01
9.800000 1.469424e-01
9.820000 1.469424e-01
9.840000 1.469424e-01
9.860000 1.469424e-01
9.880000 1.469424e-01
9.900000 1.404597e-01
9.920000 1.296551e-01
9.940000 1.231724e-01
9.960000 1.166897e-01
9.980000 1.166897e-01
10.000000 1.145287e-01
10.020000 1.145287e-01
10.040000 1.145287e-01
10.060000 1.080460e-01
10.080000 1.080460e-01
10.100000 1.080460e-01
10.120000 1.080460e-01
10.140000 1.015632e-01
10.160000 1.015632e-01
10.180000 9.724136e-02
10.200000 9.940242e-02
10.220000 1.015632e-01
10.240000 1.015632e-01
10.260000 1.015632e-01
10.280000 1.015632e-01
10.300000 1.015632e-01
10.320000 9.508053e-02
10.340000 9.291947e-02
10.360000 9.291947e-02
10.380000 9.291947e-02
10.400000 8.859759e-02
10.420000 8.643676e-02
10.440000 7.995405e-02
10.460000 7.347134e-02
10.480000 7.347134e-02
10.500000 6.914945e-02
10.520000 6.914945e-02
10.540000 6.698840e-02
10.560000 6.698840e-02
10.580000 6.698840e-02
10.600000 6.698840e-02
10.620000 6.698840e-02
10.640000 6.698840e-02
10.660000 3.565514e-02
10.680000 3.565514e-02
10.700000 3.565514e-02
10.720000 3.025296e-02
10.740000 3.025296e-02
10.760000 3.025296e-02
10.780000 2.809190e-02
10.800000 2.809190e-02
10.820000 2.377002e-02
10.840000 2.377002e-02
10.860000 2.377002e-02
10.880000 1.296542e-02
10.900000 1.296542e-02
10.920000 8.643770e-03
10.940000 6.482710e-03
10.960000 6.482710e-03
10.980000 4.321885e-03
