0.000000 0.000000e+00
0.020000 0.000000e+00
0.040000 0.000000e+00
0.060000 0.000000e+00
0.080000 0.000000e+00
0.100000 0.000000e+00
0.120000 0.000000e+00
0.140000 0.000000e+00
0.160000 0.000000e+00
0.180000 0.000000e+00
0.200000 0.000000e+00
0.220000 0.000000e+00
0.240000 0.000000e+00
0.260000 0.000000e+00
0.280000 0.000000e+00
0.300000 0.000000e+00
0.320000 0.000000e+00
0.340000 0.000000e+00
0.360000 0.000000e+00
0.380000 0.000000e+00
0.400000 0.000000e+00
0.420000 0.000000e+00
0.440000 0.000000e+00
0.460000 0.000000e+00
0.480000 0.000000e+00
0.500000 0.000000e+00
0.520000 0.000000e+00
0.540000 0.000000e+00
0.560000 0.000000e+00
0.580000 0.000000e+00
0.600000 0.000000e+00
0.620000 5.416648e-02
0.640000 1.603735e-01
0.660000 2.609949e-01
0.680000 3.534711e-01
0.700000 4.354889e-01
0.720000 5.051064e-01
0.740000 5.608973e-01
0.760000 6.021073e-01
0.780000 6.287710e-01
0.800000 6.420208e-01
0.820000 6.442196e-01
0.840000 6.385933e-01
0.860000 6.286652e-01
0.880000 6.175539e-01
0.900000 6.074707e-01
0.920000 5.995514e-01
0.940000 5.940657e-01
0.960000 5.906835e-01
0.980000 5.887157e-01
1.000000 5.873944e-01
1.020000 5.860678e-01
1.040000 5.842934e-01
1.060000 5.818493e-01
1.080000 5.787223e-01
1.100000 5.750240e-01
1.120000 5.709236e-01
1.140000 5.666116e-01
1.160000 5.622475e-01
1.180000 5.579303e-01
1.200000 5.536934e-01
1.220000 5.495027e-01
1.240000 5.452693e-01
1.260000 5.408688e-01
1.280000 5.361853e-01
1.300000 5.311609e-01
1.320000 5.258163e-01
1.340000 5.202591e-01
1.360000 5.146900e-01
1.380000 5.093870e-01
1.400000 5.046470e-01
1.420000 5.007338e-01
1.440000 4.978618e-01
1.460000 4.961747e-01
1.480000 4.957278e-01
1.500000 4.964992e-01
1.520000 4.984069e-01
1.540000 5.013315e-01
1.560000 5.051206e-01
1.580000 5.096134e-01
1.600000 5.146656e-01
1.620000 5.201425e-01
1.640000 5.259163e-01
1.660000 5.318726e-01
1.680000 5.379137e-01
1.700000 5.439528e-01
1.720000 5.499055e-01
1.740000 5.556947e-01
1.760000 5.612433e-01
1.780000 5.664667e-01
1.800000 5.712773e-01
1.820000 5.755831e-01
1.840000 5.792974e-01
1.860000 5.823381e-01
1.880000 5.846309e-01
1.900000 5.861282e-01
1.920000 5.868137e-01
1.940000 5.866907e-01
1.960000 5.857876e-01
1.980000 5.841637e-01
2.000000 5.819100e-01
2.020000 5.791390e-01
2.040000 5.759737e-01
2.060000 5.725542e-01
2.080000 5.690207e-01
2.100000 5.654987e-01
2.120000 5.621040e-01
2.140000 5.589420e-01
2.160000 5.560925e-01
2.180000 5.536083e-01
2.200000 5.515212e-01
2.220000 5.498367e-01
2.240000 5.485445e-01
2.260000 5.476222e-01
2.280000 5.470402e-01
2.300000 5.467730e-01
2.320000 5.467988e-01
2.340000 5.471023e-01
2.360000 5.476890e-01
2.380000 5.485789e-01
2.400000 5.498091e-01
2.420000 5.514293e-01
2.440000 5.534981e-01
2.460000 5.560926e-01
2.480000 5.592994e-01
2.500000 5.632100e-01
2.520000 5.679130e-01
2.540000 5.734961e-01
2.560000 5.800507e-01
2.580000 5.876654e-01
2.600000 5.964276e-01
2.620000 6.064159e-01
2.640000 6.176908e-01
2.660000 6.303058e-01
2.680000 6.443025e-01
2.700000 6.596811e-01
2.720000 6.764090e-01
2.740000 6.944267e-01
2.760000 7.136304e-01
2.780000 7.338659e-01
2.800000 7.549400e-01
2.820000 7.766160e-01
2.840000 7.986157e-01
2.860000 8.206086e-01
2.880000 8.422581e-01
2.900000 8.632105e-01
2.920000 8.830687e-01
2.940000 9.014734e-01
2.960000 9.180980e-01
2.980000 9.326576e-01
3.000000 9.449426e-01
3.020000 9.548064e-01
3.040000 9.621707e-01
3.060000 9.670001e-01
3.080000 9.693122e-01
3.100000 9.692002e-01
3.120000 9.668196e-01
3.140000 9.623637e-01
3.160000 9.560453e-01
3.180000 9.481071e-01
3.200000 9.388209e-01
3.220000 9.284567e-01
3.240000 9.172704e-01
3.260000 9.054966e-01
3.280000 8.933612e-01
3.300000 8.810890e-01
3.320000 8.688705e-01
3.340000 8.568603e-01
3.360000 8.452200e-01
3.380000 8.340972e-01
3.400000 8.235889e-01
3.420000 8.137730e-01
3.440000 8.047365e-01
3.460000 7.965407e-01
3.480000 7.892199e-01
3.500000 7.828031e-01
3.520000 7.773028e-01
3.540000 7.727163e-01
3.560000 7.690217e-01
3.580000 7.661931e-01
3.600000 7.641948e-01
3.620000 7.629690e-01
3.640000 7.624480e-01
3.660000 7.625498e-01
3.680000 7.631789e-01
3.700000 7.642391e-01
3.720000 7.656256e-01
3.740000 7.672286e-01
3.760000 7.689296e-01
3.780000 7.706258e-01
3.800000 7.722156e-01
3.820000 7.735902e-01
3.840000 7.746564e-01
3.860000 7.753402e-01
3.880000 7.755722e-01
3.900000 7.752835e-01
3.920000 7.744239e-01
3.940000 7.729734e-01
3.960000 7.709308e-01
3.980000 7.683058e-01
4.000000 7.651241e-01
4.020000 7.614113e-01
4.040000 7.572039e-01
4.060000 7.525622e-01
4.080000 7.475626e-01
4.100000 7.422761e-01
4.120000 7.367725e-01
4.140000 7.311467e-01
4.160000 7.255073e-01
4.180000 7.199468e-01
4.200000 7.145508e-01
4.220000 7.094164e-01
4.240000 7.046442e-01
4.260000 7.003213e-01
4.280000 6.965256e-01
4.300000 6.933344e-01
4.320000 6.908020e-01
4.340000 6.889934e-01
4.360000 6.879822e-01
4.380000 6.878201e-01
4.400000 6.885380e-01
4.420000 6.901619e-01
4.440000 6.927228e-01
4.460000 6.962162e-01
4.480000 7.006262e-01
4.500000 7.059286e-01
4.520000 7.120850e-01
4.540000 7.190620e-01
4.560000 7.268058e-01
4.580000 7.352467e-01
4.600000 7.443020e-01
4.620000 7.538743e-01
4.640000 7.638714e-01
4.660000 7.741904e-01
4.680000 7.846993e-01
4.700000 7.952718e-01
4.720000 8.057884e-01
4.740000 8.161117e-01
4.760000 8.260974e-01
4.780000 8.356217e-01
4.800000 8.445664e-01
4.820000 8.528068e-01
4.840000 8.602351e-01
4.860000 8.667618e-01
4.880000 8.723058e-01
4.900000 8.767840e-01
4.920000 8.801175e-01
4.940000 8.822481e-01
4.960000 8.831497e-01
4.980000 8.828094e-01
5.000000 8.812321e-01
5.020000 8.784370e-01
5.040000 8.744422e-01
5.060000 8.692874e-01
5.080000 8.630299e-01
5.100000 8.557237e-01
5.120000 8.474259e-01
5.140000 8.382277e-01
5.160000 8.282220e-01
5.180000 8.174875e-01
5.200000 8.061136e-01
5.220000 7.941834e-01
5.240000 7.817910e-01
5.260000 7.690279e-01
5.280000 7.559775e-01
5.300000 7.427228e-01
5.320000 7.293361e-01
5.340000 7.158931e-01
5.360000 7.024724e-01
5.380000 6.891420e-01
5.400000 6.759608e-01
5.420000 6.629872e-01
5.440000 6.502730e-01
5.460000 6.378650e-01
5.480000 6.258065e-01
5.500000 6.141308e-01
5.520000 6.028718e-01
5.540000 5.920709e-01
5.560000 5.817475e-01
5.580000 5.719056e-01
5.600000 5.625608e-01
5.620000 5.537315e-01
5.640000 5.454240e-01
5.660000 5.376413e-01
5.680000 5.303933e-01
5.700000 5.236801e-01
5.720000 5.174949e-01
5.740000 5.118331e-01
5.760000 5.066889e-01
5.780000 5.020534e-01
5.800000 4.979165e-01
5.820000 4.942630e-01
5.840000 4.910734e-01
5.860000 4.883241e-01
5.880000 4.860009e-01
5.900000 4.840919e-01
5.920000 4.825767e-01
5.940000 4.814307e-01
5.960000 4.806274e-01
5.980000 4.801372e-01
6.000000 4.799344e-01
6.020000 4.799980e-01
6.040000 4.802934e-01
6.060000 4.807863e-01
6.080000 4.814462e-01
6.100000 4.822445e-01
6.120000 4.831497e-01
6.140000 4.841235e-01
6.160000 4.851385e-01
6.180000 4.861731e-01
6.200000 4.872028e-01
6.220000 4.881957e-01
6.240000 4.891195e-01
6.260000 4.899482e-01
6.280000 4.906657e-01
6.300000 4.912584e-01
6.320000 4.917040e-01
6.340000 4.919891e-01
6.360000 4.921038e-01
6.380000 4.920367e-01
6.400000 4.917910e-01
6.420000 4.913743e-01
6.440000 4.907932e-01
6.460000 4.900517e-01
6.480000 4.891588e-01
6.500000 4.881335e-01
6.520000 4.869891e-01
6.540000 4.857374e-01
6.560000 4.844065e-01
6.580000 4.830237e-01
6.600000 4.816077e-01
6.620000 4.801829e-01
6.640000 4.787712e-01
6.660000 4.773904e-01
6.680000 4.760613e-01
6.700000 4.748067e-01
6.720000 4.736469e-01
6.740000 4.725995e-01
6.760000 4.716770e-01
6.780000 4.708930e-01
6.800000 4.702596e-01
6.820000 4.697836e-01
6.840000 4.694718e-01
6.860000 4.693280e-01
6.880000 4.693493e-01
6.900000 4.695291e-01
6.920000 4.698617e-01
6.940000 4.703397e-01
6.960000 4.709500e-01
6.980000 4.716744e-01
7.000000 4.724970e-01
7.020000 4.734067e-01
7.040000 4.743885e-01
7.060000 4.754208e-01
7.080000 4.764841e-01
7.100000 4.775579e-01
7.120000 4.786216e-01
7.140000 4.796569e-01
7.160000 4.806455e-01
7.180000 4.815695e-01
7.200000 4.824143e-01
7.220000 4.831652e-01
7.240000 4.838067e-01
7.260000 4.843287e-01
7.280000 4.847193e-01
7.300000 4.849677e-01
7.320000 4.850702e-01
7.340000 4.850242e-01
7.360000 4.848256e-01
7.380000 4.844734e-01
7.400000 4.839640e-01
7.420000 4.833019e-01
7.440000 4.824909e-01
7.460000 4.815327e-01
7.480000 4.804297e-01
7.500000 4.791855e-01
7.520000 4.778056e-01
7.540000 4.762917e-01
7.560000 4.746503e-01
7.580000 4.728873e-01
7.600000 4.710034e-01
7.620000 4.689965e-01
7.640000 4.668670e-01
7.660000 4.646175e-01
7.680000 4.622465e-01
7.700000 4.597474e-01
7.720000 4.571159e-01
7.740000 4.543491e-01
7.760000 4.514392e-01
7.780000 4.483769e-01
7.800000 4.451556e-01
7.820000 4.417688e-01
7.840000 4.382073e-01
7.860000 4.344621e-01
7.880000 4.305247e-01
7.900000 4.263839e-01
7.920000 4.220325e-01
7.940000 4.174658e-01
7.960000 4.126784e-01
7.980000 4.076663e-01
8.000000 4.024227e-01
8.020000 3.969422e-01
8.040000 3.912273e-01
8.060000 3.852822e-01
8.080000 3.791093e-01
8.100000 3.727134e-01
8.120000 3.661018e-01
8.140000 3.592844e-01
8.160000 3.522728e-01
8.180000 3.450788e-01
8.200000 3.377172e-01
8.220000 3.302058e-01
8.240000 3.225624e-01
8.260000 3.148040e-01
8.280000 3.069512e-01
8.300000 2.990278e-01
8.320000 2.910561e-01
8.340000 2.830530e-01
8.360000 2.750406e-01
8.380000 2.670439e-01
8.400000 2.590836e-01
8.420000 2.511813e-01
8.440000 2.433579e-01
8.460000 2.356349e-01
8.480000 2.280297e-01
8.500000 2.205607e-01
8.520000 2.132456e-01
8.540000 2.060980e-01
8.560000 1.991320e-01
8.580000 1.923615e-01
8.600000 1.857962e-01
8.620000 1.794461e-01
8.640000 1.733211e-01
8.660000 1.674286e-01
8.680000 1.617748e-01
8.700000 1.563638e-01
8.720000 1.512004e-01
8.740000 1.462888e-01
8.760000 1.416297e-01
8.780000 1.372226e-01
8.800000 1.330675e-01
8.820000 1.291630e-01
8.840000 1.255083e-01
8.860000 1.221016e-01
8.880000 1.189391e-01
8.900000 1.160169e-01
8.920000 1.133313e-01
8.940000 1.108781e-01
8.960000 1.086514e-01
8.980000 1.066476e-01
9.000000 1.048620e-01
9.020000 1.032883e-01
9.040000 1.019215e-01
9.060000 1.007565e-01
9.080000 9.978723e-02
9.100000 9.900737e-02
9.120000 9.841072e-02
9.140000 9.799057e-02
9.160000 9.774115e-02
9.180000 9.765690e-02
9.200000 9.773037e-02
9.220000 9.795367e-02
9.240000 9.831973e-02
9.260000 9.882105e-02
9.280000 9.944979e-02
9.300000 1.001983e-01
9.320000 1.010583e-01
9.340000 1.020212e-01
9.360000 1.030778e-01
9.380000 1.042175e-01
9.400000 1.054297e-01
9.420000 1.067050e-01
9.440000 1.080321e-01
9.460000 1.093995e-01
9.480000 1.107963e-01
9.500000 1.122105e-01
9.520000 1.136306e-01
9.540000 1.150464e-01
9.560000 1.164462e-01
9.580000 1.178191e-01
9.600000 1.191522e-01
9.620000 1.204333e-01
9.640000 1.216540e-01
9.660000 1.228045e-01
9.680000 1.238743e-01
9.700000 1.248571e-01
9.720000 1.257451e-01
9.740000 1.265269e-01
9.760000 1.271966e-01
9.780000 1.277528e-01
9.800000 1.281929e-01
9.820000 1.285124e-01
9.840000 1.287085e-01
9.860000 1.287807e-01
9.880000 1.287288e-01
9.900000 1.285504e-01
9.920000 1.282450e-01
9.940000 1.278149e-01
9.960000 1.272635e-01
9.980000 1.265955e-01
10.000000 1.258145e-01
10.020000 1.249207e-01
10.040000 1.239152e-01
10.060000 1.228011e-01
10.080000 1.215815e-01
10.100000 1.202584e-01
10.120000 1.188335e-01
10.140000 1.173048e-01
10.160000 1.156683e-01
10.180000 1.139236e-01
10.200000 1.120691e-01
10.220000 1.101008e-01
10.240000 1.080152e-01
10.260000 1.058078e-01
10.280000 1.034721e-01
10.300000 1.010025e-01
10.320000 9.839496e-02
10.340000 9.564793e-02
10.360000 9.276214e-02
10.380000 8.973919e-02
10.400000 8.658202e-02
10.420000 8.329638e-02
10.440000 7.989210e-02
10.460000 7.638301e-02
10.480000 7.278577e-02
10.500000 6.912283e-02
10.520000 6.542141e-02
10.540000 6.171536e-02
10.560000 5.805028e-02
10.580000 5.447549e-02
10.600000 5.101736e-02
10.620000 4.768213e-02
10.640000 4.447429e-02
10.660000 4.139731e-02
10.680000 3.845553e-02
10.700000 3.565096e-02
10.720000 3.298400e-02
10.740000 3.045392e-02
10.760000 2.806016e-02
10.780000 2.580263e-02
10.800000 2.367926e-02
10.820000 2.168782e-02
10.840000 1.982523e-02
10.860000 1.808702e-02
10.880000 1.646935e-02
10.900000 1.496825e-02
10.920000 1.357909e-02
10.940000 1.229626e-02
10.960000 1.111444e-02
10.980000 1.002854e-02
11.000000 9.033159e-03
11.020000 8.122870e-03
11.040000 7.292281e-03
11.060000 6.536123e-03
11.080000 5.849006e-03
11.100000 5.225776e-03
11.120000 4.661790e-03
11.140000 4.152623e-03
11.160000 3.693769e-03
11.180000 3.280983e-03
11.200000 2.910425e-03
11.220000 2.578477e-03
11.240000 2.281642e-03
11.260000 2.016578e-03
11.280000 1.780291e-03
11.300000 1.570077e-03
11.320000 1.383319e-03
11.340000 1.217613e-03
11.360000 1.070838e-03
11.380000 9.410039e-04
11.400000 8.262992e-04
11.420000 7.251387e-04
11.440000 6.360650e-04
11.460000 5.577056e-04
11.480000 4.888223e-04
11.500000 4.283340e-04
11.520000 3.752882e-04
11.540000 3.288266e-04
11.560000 2.881652e-04
11.580000 2.526027e-04
11.600000 2.215222e-04
11.620000 1.943759e-04
11.640000 1.706846e-04
11.660000 1.500233e-04
11.680000 1.320162e-04
11.700000 1.163289e-04
11.720000 1.026625e-04
11.740000 9.075635e-05
11.760000 8.038595e-05
11.780000 7.135640e-05
11.800000 6.349736e-05
11.820000 5.665936e-05
11.840000 5.070965e-05
11.860000 4.552926e-05
11.880000 4.101740e-05
11.900000 3.708739e-05
11.920000 3.366146e-05
11.940000 3.067401e-05
11.960000 2.806822e-05
11.980000 2.579317e-05
12.000000 2.380613e-05
12.020000 2.206978e-05
12.040000 2.055202e-05
12.060000 1.922467e-05
12.080000 1.806206e-05
12.100000 1.704286e-05
12.120000 1.614859e-05
12.140000 1.536276e-05
12.160000 1.467193e-05
12.180000 1.406413e-05
12.200000 1.352874e-05
12.220000 1.305710e-05
12.240000 1.264117e-05
12.260000 1.227424e-05
12.280000 1.195036e-05
12.300000 1.166447e-05
12.320000 1.141207e-05
12.340000 1.118878e-05
12.360000 1.099121e-05
12.380000 1.081625e-05
12.400000 1.066155e-05
12.420000 1.052488e-05
12.440000 1.040419e-05
12.460000 1.029792e-05
12.480000 1.020440e-05
12.500000 1.012241e-05
12.520000 1.004999e-05
12.540000 9.986470e-06
12.560000 9.931497e-06
12.580000 9.883411e-06
12.600000 9.841553e-06
12.620000 9.805513e-06
12.640000 9.774527e-06
12.660000 9.747970e-06
12.680000 9.725036e-06
12.700000 9.705078e-06
12.720000 9.688226e-06
12.740000 9.674761e-06
12.760000 9.664091e-06
12.780000 9.655813e-06
12.800000 9.649631e-06
12.820000 9.644982e-06
12.840000 9.642573e-06
12.860000 9.642493e-06
12.880000 9.643836e-06
12.900000 9.646262e-06
12.920000 9.649462e-06
12.940000 9.653696e-06
12.960000 9.658806e-06
12.980000 9.664461e-06
13.000000 9.671435e-06
13.020000 9.680165e-06
13.040000 9.690040e-06
13.060000 9.700043e-06
13.080000 9.710220e-06
13.100000 9.720914e-06
13.120000 9.732159e-06
13.140000 9.744617e-06
13.160000 9.758074e-06
13.180000 9.771601e-06
13.200000 9.785029e-06
13.220000 9.798570e-06
13.240000 9.812543e-06
13.260000 9.826836e-06
13.280000 9.841311e-06
13.300000 9.856037e-06
13.320000 9.871003e-06
13.340000 9.885710e-06
13.360000 9.900043e-06
13.380000 9.914718e-06
13.400000 9.929476e-06
13.420000 9.944347e-06
13.440000 9.959507e-06
13.460000 9.975087e-06
13.480000 9.991329e-06
13.500000 1.000784e-05
13.520000 1.002424e-05
13.540000 1.004107e-05
13.560000 1.005856e-05
13.580000 1.007626e-05
13.600000 1.009411e-05
13.620000 1.011191e-05
13.640000 1.012991e-05
13.660000 1.014842e-05
13.680000 1.016741e-05
13.700000 1.018679e-05
13.720000 1.020663e-05
13.740000 1.022721e-05
13.760000 1.024811e-05
13.780000 1.026881e-05
13.800000 1.028959e-05
13.820000 1.031102e-05
13.840000 1.033381e-05
13.860000 1.035741e-05
13.880000 1.038137e-05
13.900000 1.040560e-05
13.920000 1.043012e-05
13.940000 1.045598e-05
13.960000 1.048249e-05
13.980000 1.050884e-05
14.000000 1.053571e-05
14.020000 1.056405e-05
14.040000 1.059399e-05
14.060000 1.062470e-05
14.080000 1.065682e-05
14.100000 1.069054e-05
14.120000 1.072500e-05
14.140000 1.075995e-05
14.160000 1.079587e-05
14.180000 1.083278e-05
14.200000 1.086982e-05
14.220000 1.090730e-05
14.240000 1.094564e-05
14.260000 1.098460e-05
14.280000 1.102486e-05
14.300000 1.106701e-05
14.320000 1.111041e-05
14.340000 1.115454e-05
14.360000 1.119933e-05
14.380000 1.124559e-05
14.400000 1.129399e-05
14.420000 1.134437e-05
14.440000 1.139548e-05
14.460000 1.144649e-05
14.480000 1.149742e-05
14.500000 1.154905e-05
14.520000 1.160147e-05
14.540000 1.165425e-05
14.560000 1.170744e-05
14.580000 1.176151e-05
14.600000 1.181674e-05
14.620000 1.187237e-05
14.640000 1.192844e-05
14.660000 1.198488e-05
14.680000 1.204106e-05
14.700000 1.209764e-05
14.720000 1.215519e-05
14.740000 1.221298e-05
14.760000 1.227071e-05
14.780000 1.232859e-05
14.800000 1.238682e-05
14.820000 1.244506e-05
14.840000 1.250187e-05
14.860000 1.255790e-05
14.880000 1.261427e-05
14.900000 1.267037e-05
14.920000 1.272609e-05
14.940000 1.278165e-05
14.960000 1.283750e-05
14.980000 1.289291e-05
15.000000 1.294618e-05
15.020000 1.299681e-05
15.040000 1.304575e-05
15.060000 1.309363e-05
15.080000 1.313957e-05
15.100000 1.318372e-05
15.120000 1.322706e-05
15.140000 1.326948e-05
15.160000 1.331140e-05
15.180000 1.335295e-05
15.200000 1.339294e-05
15.220000 1.343126e-05
15.240000 1.346748e-05
15.260000 1.350138e-05
15.280000 1.353373e-05
15.300000 1.356389e-05
15.320000 1.359215e-05
15.340000 1.361909e-05
15.360000 1.364414e-05
15.380000 1.366816e-05
15.400000 1.369118e-05
15.420000 1.371246e-05
15.440000 1.373174e-05
15.460000 1.374885e-05
15.480000 1.376362e-05
15.500000 1.377514e-05
15.520000 1.378360e-05
15.540000 1.378962e-05
15.560000 1.379403e-05
15.580000 1.379686e-05
15.600000 1.379829e-05
15.620000 1.379885e-05
15.640000 1.379788e-05
15.660000 1.379551e-05
15.680000 1.379177e-05
15.700000 1.378635e-05
15.720000 1.377897e-05
15.740000 1.376932e-05
15.760000 1.375856e-05
15.780000 1.374693e-05
15.800000 1.373305e-05
15.820000 1.371718e-05
15.840000 1.369971e-05
15.860000 1.368020e-05
15.880000 1.365921e-05
15.900000 1.363712e-05
15.920000 1.361371e-05
15.940000 1.359005e-05
15.960000 1.356528e-05
15.980000 1.353785e-05
16.000000 1.350928e-05
16.020000 1.348055e-05
16.040000 1.345129e-05
16.060000 1.342205e-05
16.080000 1.339228e-05
16.100000 1.336171e-05
16.120000 1.333130e-05
16.140000 1.330148e-05
16.160000 1.327115e-05
16.180000 1.324016e-05
16.200000 1.321016e-05
16.220000 1.317991e-05
16.240000 1.314877e-05
16.260000 1.311882e-05
16.280000 1.308966e-05
16.300000 1.305989e-05
16.320000 1.302944e-05
16.340000 1.299875e-05
16.360000 1.296827e-05
16.380000 1.293858e-05
16.400000 1.290992e-05
16.420000 1.288186e-05
16.440000 1.285369e-05
16.460000 1.282563e-05
16.480000 1.279736e-05
16.500000 1.276885e-05
16.520000 1.274142e-05
16.540000 1.271490e-05
16.560000 1.268911e-05
16.580000 1.266341e-05
16.600000 1.263798e-05
16.620000 1.261373e-05
16.640000 1.258988e-05
16.660000 1.256591e-05
16.680000 1.254208e-05
16.700000 1.251877e-05
16.720000 1.249632e-05
16.740000 1.247488e-05
16.760000 1.245484e-05
16.780000 1.243665e-05
16.800000 1.241962e-05
16.820000 1.240334e-05
16.840000 1.238732e-05
16.860000 1.237198e-05
16.880000 1.235811e-05
16.900000 1.234531e-05
16.920000 1.233338e-05
16.940000 1.232140e-05
16.960000 1.230915e-05
16.980000 1.229836e-05
17.000000 1.229018e-05
17.020000 1.228295e-05
17.040000 1.227574e-05
17.060000 1.226961e-05
17.080000 1.226409e-05
17.100000 1.225877e-05
17.120000 1.225402e-05
17.140000 1.225018e-05
17.160000 1.224703e-05
17.180000 1.224379e-05
17.200000 1.224008e-05
17.220000 1.223607e-05
17.240000 1.223217e-05
17.260000 1.222825e-05
17.280000 1.222394e-05
17.300000 1.221974e-05
17.320000 1.221610e-05
17.340000 1.221257e-05
17.360000 1.220932e-05
17.380000 1.220640e-05
17.400000 1.220345e-05
17.420000 1.219959e-05
17.440000 1.219519e-05
17.460000 1.219094e-05
17.480000 1.218638e-05
17.500000 1.218112e-05
17.520000 1.217535e-05
17.540000 1.216932e-05
17.560000 1.216241e-05
17.580000 1.215450e-05
17.600000 1.214607e-05
17.620000 1.213728e-05
17.640000 1.212815e-05
17.660000 1.211840e-05
17.680000 1.210821e-05
17.700000 1.209878e-05
17.720000 1.208985e-05
17.740000 1.208092e-05
17.760000 1.207320e-05
17.780000 1.206611e-05
17.800000 1.205902e-05
17.820000 1.205254e-05
17.840000 1.204595e-05
17.860000 1.203945e-05
17.880000 1.203321e-05
17.900000 1.202680e-05
17.920000 1.202042e-05
17.940000 1.201386e-05
17.960000 1.200756e-05
17.980000 1.200182e-05
18.000000 1.199587e-05
18.020000 1.199072e-05
18.040000 1.198693e-05
18.060000 1.198387e-05
18.080000 1.198144e-05
18.100000 1.197995e-05
18.120000 1.197931e-05
18.140000 1.197912e-05
18.160000 1.197929e-05
18.180000 1.197990e-05
18.200000 1.198094e-05
18.220000 1.198245e-05
18.240000 1.198549e-05
18.260000 1.199009e-05
18.280000 1.199585e-05
18.300000 1.200303e-05
18.320000 1.201138e-05
18.340000 1.202146e-05
18.360000 1.203273e-05
18.380000 1.204424e-05
18.400000 1.205704e-05
18.420000 1.207244e-05
18.440000 1.209030e-05
18.460000 1.211053e-05
18.480000 1.213372e-05
18.500000 1.215919e-05
18.520000 1.218647e-05
18.540000 1.221586e-05
18.560000 1.224714e-05
18.580000 1.228036e-05
18.600000 1.231601e-05
18.620000 1.235266e-05
18.640000 1.238989e-05
18.660000 1.242821e-05
18.680000 1.246716e-05
18.700000 1.250704e-05
18.720000 1.254786e-05
18.740000 1.259020e-05
18.760000 1.263414e-05
18.780000 1.267909e-05
18.800000 1.272519e-05
18.820000 1.277189e-05
18.840000 1.281863e-05
18.860000 1.286622e-05
18.880000 1.291437e-05
18.900000 1.296203e-05
18.920000 1.300910e-05
18.940000 1.305646e-05
18.960000 1.310436e-05
18.980000 1.315106e-05
19.000000 1.319581e-05
19.020000 1.323834e-05
19.040000 1.327904e-05
19.060000 1.331879e-05
19.080000 1.335670e-05
19.100000 1.339131e-05
19.120000 1.342173e-05
19.140000 1.344780e-05
19.160000 1.346957e-05
19.180000 1.348594e-05
19.200000 1.349542e-05
19.220000 1.349716e-05
19.240000 1.348921e-05
19.260000 1.347113e-05
19.280000 1.344384e-05
19.300000 1.340584e-05
19.320000 1.335548e-05
19.340000 1.329139e-05
19.360000 1.321336e-05
19.380000 1.312146e-05
19.400000 1.301381e-05
19.420000 1.288892e-05
19.440000 1.274633e-05
19.460000 1.258487e-05
19.480000 1.240216e-05
19.500000 1.219848e-05
19.520000 1.197390e-05
19.540000 1.172733e-05
19.560000 1.145782e-05
19.580000 1.116363e-05
19.600000 1.084425e-05
19.620000 1.050009e-05
19.640000 1.013138e-05
19.660000 9.737760e-06
19.680000 9.319146e-06
19.700000 8.875529e-06
19.720000 8.407767e-06
19.740000 7.916883e-06
19.760000 7.403006e-06
19.780000 6.867565e-06
19.800000 6.312084e-06
19.820000 5.737564e-06
19.840000 5.145403e-06
19.860000 4.537142e-06
19.880000 3.914606e-06
19.900000 3.279754e-06
19.920000 2.634896e-06
19.940000 1.982244e-06
19.960000 1.324036e-06
19.980000 6.625593e-07
